AUC50: 0.268727272727
AUC100: 0.322318181818
AUC300: 0.426136363636
AUC500: 0.482945454545
AUC700: 0.524694805195
AUC1000: 0.565845454545